5555555555554444444444444445555555555555555555555555555555555555555555555554444444444455555555555555
5555444444444444333344444444444445555555555555555555555555555555555555444444444444444444445555555555
4444444332111111111111123444444444444555555555555555555555555555555444444444333333444444444444555555
3311111111111111111111111123344444444444455555555555555555555554444444443321111111233444444444444555
1111111161111111111111111111223344444444444444555555555544444444444444321111111111112334444444444445
1611111111111111111111111111112233344444444444444444444444444444444432111111111111111233444444444444
1111111111111111111111111111111222333444444444444444444444444444433211111111111111112333333444444444
1111111111111111111111111111112222333344444444444444444444444444332111111111111111123334443333444444
1111111111111111111111111111223333333334444444444444444444444433322111111111111123344444444443344444
1111111111111111111111111112333333333344444444444444444444444433332211111111123334444444444444444444

1111111111111111111111111111111111111111111111111111111111111111111111111111111111111111111111111111
1111111111111111111111222222333333333444444444444444444444432111111111111111111111111111111111111111
1111111111111112333444444444444444444444444444444444444444444443211111111111111111111111111111111111
1161111111112334444444444444444444444444444555555555555544444444443211111233333211111111111111111111
1111111111113344444444444444444444444444455555555555555555544444444433223334444433111111111111111111
1111111111112344444444444444444444444444555555555555555555544444444433333344444444321111111111111111
1111111111111233334444444444444444444444445555555555555555554444444332222234444444432111111111111111
1111111111111111111222222223334444444444444445555555555555444444443211111112344444433111111111111111
1111611111111111111111111111111112334444444444444444454444444444321111111111112333332111111111111111
1111111111111111111111111111111111111123344444444444444444444431111111111111111111111111111111111111

1111111111111111111111111111111111111111111111111111111111111111111111111111111111111111111111111111
1111111111111111111111111111111111111111111111111111111111111111111111111111111111111111111111111111
1111111111111111111111111111111111111111111111111111111111111111111111111111111111111111111111112334
1111111111111111111111111111111111124444444444433211111111111111111111111111111111111111111111234444
1111111111111111111111111111111123444444444444444444432111111111111111111111111111111111111123444444
1111111111111111111111111111111244444444444444444444444443211111111111111111111111111111111223444444
1111111111111111111111111111111244444444444444444444444444443322111122222222211111111111111223444444
1111111111111111111111111111111244444444444444444444444444444444333334444443322211111111111112233333
1111111111111111111111111111111124444444444444444444444444444444444444444444332211111111111111111111
1111111111111111111111111111111112444444444444444444444444444444444444444433221111111111111111111111

1111111111111111111111111111111111111111111111111111111111111112344444455555555555555555555555555555
1111112333333311111111111111111111111111111111111111111111111133344444445555555555555555555555555555
1113444444444444333111111111111111111111111111111111111111113333444444444555555555555555555555555555
3444444444444444444433331111111111111111111111111111111133333344444444444455555555555555555555555555
4444555555555444444444444333333211111111111111111112333333444444444444444445555555555555555555555555
4555555555555554444444444444444443333333333333333333344444444444444444444444555555555555555555555555
5555555555555555444444444444444444444444443333444444444444444444444444444444455555555555555555555555
5555555555555555444444444444444444444444444444444444444444444444444444444444445555555555555555555555
5555555555555555444444444444444444444444444444444444444444444444444444444444444555555555555555555555
5555555555555554444444444444444444444444444444444444444444444444444333334444444455555555555555555555

4444444444444444444444444444444444444433332233344444444444444444444444444444444444322111111111111111
4444444444444444444444444444444444333222222222233444444444444444444444444444444444422211111111111111
2222222222333444444444444444444433322222222222334444444444444444444444444444444444443221111111111111
1111111222222222222222333344444443333333333444444444444444444444444444444444444444444422111111111111
1111111111122222222222233444444444444444444444444444444444444444444444444444444444444444221111111111
1111111111112222222223344444444444444444444444444444455555545455444444445555555555554444443221111111
1111111111122222223444444444444444444445555555555555555555555555555555555555555555555554444444332223
1111111112222234444444444444555555555555555555555555555555555555555555555555555555555555555444444444
1111111222244444444444455555555555555555555555555555555555555555555555555555555555555555555555555555
1112222344444444455555555555555555555555555555555555555555555555555555555555555555555555555555555555

1111124444444444444444445555555545444444444444444444455555555555555444444442111111111111111111111111
1111112333333344444444444444444444444444444444444444444444444444444444443111111111111111111111111111
1111111111111111112234444444444444443322211122222333444444444444444443211111111111111111111111111111
1111111111111111111111234444444433221111111111111111111222333333322111111111111111111111111111111111
1111111111111111111111122333333222111111111111111111111111111111111111111111111111111111111111111111
1112332211111111111111112233333222111111111111111111111111111111111111111111111111111111111111111111
1344444432111111111111123344444332221111111111111111111111111111111111111111111111111111111111111111
4444444444321111111112344444444444444333222222222222222222222233222221111111111111111111111111111111
4444444444444433233344444444444444444444444444444444444444444444444444433211111111111111111111111111
5555554444444444444444444444444444444444444444444444444444444444444444444444421111111111111111111111

5555555555555555555555555555555555555544444311111111111111111111111111111111111111111611111124444555
5555555555555555555555555555555555555544444433111111111111111111111111111111111111111111111344444555
5555555555555555555555555555555555555544444444332111223333334333321111111111111111111111234444445555
5555555555555555555555555555555555555544444444333333334444444444444332111111111111111133444444445555
5555555554444444444444555555555555555444444443332233334444444444444443332211111111123334444444444555
5555544443111111113444444555555555444444444331111111123344444444444443333322211111123333444444444455
5444111111111111111112444444444444444444321111111111111112333344333332211111111111111112333444444444
1111111111111111111111111234444444433111111111111111111111111111111111111111111111111111111111234444
1111111111111111111111111111111111111111111111111111161111111111111111111111111111111111111111111111
1111111111111111111111111111111111111111111111111111111111111111111111111111111111111111111111111111

1111111111111111111111111111111111111111111111111111111111111111111111111111111111111111111111111111
1111111111111111111111111111111111111111111111111111111111111111111111111111111111111111111111111111
1111111111111111111111111111111111111111111111111111111111111111111111111111111223333444444444444431
1111111111111111111111111111111111111111111111111111111112222221111111111223344444444444444444444444
1111111111111111111111111111123333332211111111111111122333333333333333334444444444444455555555555555
1111111111111111111111111111333444433332211111111112233444444444444444444444444445555555555555555555
1111111111111111111111111123344444444433322111111223344444444444444444444444445555555555555555555555
1111111111111111111111111233444444444444333322223333444444444444444444444444555555555555555555555555
1111111111111111111111112334444444444444443333333344444444444444444444444455555555555555555555555555
2111111111111111111111113344444444444444444443334444444444444444444444455555555555555555555555555555

1111111111111111111111111111112334444444444444333333333333344444444444444444444444443322111111111111
1111111111111111111111111111111111112211111111111111111111111111111111111111111111111111111111111111
1111111111111111111111111111111111111111111111111111111111111111111111111111111111111111111111111111
1111111111111111111111111111111111111111111111111111111111111116111111111111111111111111111111111111
1111111111111111111111111111111111111111111111111111111111111111111111111111111111111111111111111111
1111111111111111111111111111111111111111111111161111111111111111111111111111111111111111111111111111
1111111112222222222222222222222211111111111111116111111111111111111111111111111111111111111111111111
3344444444444444444444444444444444433211111111111111111111111111111111111111111111111111111111111111
4444444444444444444444444444444444444444321111111111111111111111111111111111111111111111111111111111
5555555555555555555555555555555444444444444432111111111111111111611111111111111111111111111111111111

1111111111111112223333344444444455555555555555555555555555555555555555555555555444311111111111111111
1111111111122233333333344444444444555555555555555555555555555555555555555555554443211111111111111111
1111112223333333333333333334444444444455555555555555555555555555555555555555544443211111111111111111
1222333344444444444333333333333334444444445555555555555555555555555555555544444332111111111111111111
3444444444444444444333322222222223333444444444444444555555555555555554444444433211111111111111111111
4444444444444444443332221111111111122233334444444444444444444444444444444333221111111111111111111111
5555555554444444443322111111111111111111222233333333333333333333333333222211111111111111111111111111
5555555555544444433221111111111111111111111111111111112222111111111111111111111111111111111111111111
5555555555554444432211111111111111111111111111111111111111111111111111111111111111111111111111111111
5555555555554444332111111111111111111111111111111111111111111111111111111111111111111111111111111111

